2 6.0918434143066406e+001
2 5.9814170837402344e+001
2 5.8920097351074219e+001
2 5.8070930480957031e+001
2 5.6992832183837891e+001
2 5.6497848510742188e+001
2 5.5957374572753906e+001
2 5.5416511535644531e+001
2 5.4907264709472656e+001
2 5.4230869293212891e+001
2 5.3793670654296875e+001
2 5.3043983459472656e+001
2 5.2300617218017578e+001
2 5.1875507354736328e+001
2 5.1147926330566406e+001
2 5.0674514770507813e+001
2 5.0021472930908203e+001
2 4.9283229827880859e+001
2 4.8869625091552734e+001
2 4.8077041625976563e+001
2 4.6919631958007813e+001
2 4.6146327972412109e+001
2 4.5732803344726563e+001
2 4.4968029022216797e+001
2 4.4129516601562500e+001
2 4.3759670257568359e+001
2 4.2950729370117187e+001
2 4.2065952301025391e+001
2 4.0889617919921875e+001
2 3.9975479125976563e+001
2 3.9048740386962891e+001
2 3.7875984191894531e+001
2 3.6960849761962891e+001
2 3.6023059844970703e+001
2 3.5057907104492188e+001
2 3.3975326538085937e+001
2 3.3021095275878906e+001
2 3.1978555679321289e+001
2 3.0984880447387695e+001
2 2.9988258361816406e+001
2 2.8988016128540039e+001
2 2.7987636566162109e+001
2 2.6983226776123047e+001
2 2.5991641998291016e+001
2 2.5043258666992187e+001
2 2.3847076416015625e+001
2 2.3004636764526367e+001
2 2.2217369079589844e+001
2 2.1819814682006836e+001
2 2.1040040969848633e+001
2 2.0372272491455078e+001
2 1.9893918991088867e+001
2 1.9317052841186523e+001
2 1.8837203979492188e+001
2 1.8431707382202148e+001
2 1.7968963623046875e+001
2 1.7495689392089844e+001
2 1.7313341140747070e+001
2 1.6942111968994141e+001
2 1.6385774612426758e+001
2 1.6058753967285156e+001
2 1.5819443702697754e+001
2 1.5644705772399902e+001
2 1.5552848815917969e+001
2 1.5532490730285645e+001
2 1.5556024551391602e+001
2 1.5591916084289551e+001
2 1.5633462905883789e+001
2 1.5697426795959473e+001
2 1.5811039924621582e+001
2 1.5984949111938477e+001
2 1.6219573974609375e+001
2 1.6654644012451172e+001
2 1.6960456848144531e+001
2 1.7252048492431641e+001
2 1.7715686798095703e+001
2 1.8027080535888672e+001
2 1.8495805740356445e+001
2 1.8908138275146484e+001
2 1.9284383773803711e+001
2 1.9477334976196289e+001
2 1.9931703567504883e+001
2 2.0347667694091797e+001
2 2.0610002517700195e+001
2 2.1071807861328125e+001
2 2.1846899032592773e+001
2 2.2270952224731445e+001
2 2.2519392013549805e+001
2 2.3014900207519531e+001
2 2.3523153305053711e+001
2 2.3878665924072266e+001
2 2.4360136032104492e+001
2 2.4692022323608398e+001
2 2.5129459381103516e+001
2 2.5879297256469727e+001
2 2.6331499099731445e+001
2 2.6744174957275391e+001
2 2.7222772598266602e+001
2 2.7691196441650391e+001
2 2.8175167083740234e+001
2 2.8626096725463867e+001
2 2.9125480651855469e+001
2 2.9593898773193359e+001
2 3.0102382659912109e+001
2 3.0511865615844727e+001
2 3.0970979690551758e+001
2 3.1296165466308594e+001
2 3.1667673110961914e+001
2 3.2038780212402344e+001
2 3.3077522277832031e+001
2 3.4009590148925781e+001
2 3.5004516601562500e+001
2 3.5968719482421875e+001
2 3.6811805725097656e+001
2 3.7179645538330078e+001
2 3.7950332641601563e+001
2 3.8576354980468750e+001
2 3.9074245452880859e+001
2 3.9807788848876953e+001
2 4.0226280212402344e+001
2 4.0988792419433594e+001
2 4.1760120391845703e+001
2 4.2167984008789063e+001
2 4.2935070037841797e+001
2 4.4099422454833984e+001
2 4.4926540374755859e+001
2 4.6103713989257813e+001
2 4.6964244842529297e+001
2 4.8142265319824219e+001
2 4.9042114257812500e+001
2 4.9968524932861328e+001
2 5.1152858734130859e+001
2 5.2060214996337891e+001
2 5.2994407653808594e+001
2 5.3935501098632813e+001
2 5.5074035644531250e+001
2 5.6023159027099609e+001
2 5.6998996734619141e+001
2 5.7981113433837891e+001
2 5.8961059570312500e+001
2 6.0044719696044922e+001
2 6.1031597137451172e+001
2 6.2028308868408203e+001
2 6.3021221160888672e+001
2 6.3983531951904297e+001
2 6.5198699951171875e+001
2 6.6051513671875000e+001
2 6.6874366760253906e+001
2 6.7280868530273437e+001
2 6.8040122985839844e+001
2 6.8786582946777344e+001
2 6.9230384826660156e+001
2 6.9865119934082031e+001
2 7.0376152038574219e+001
2 7.0806503295898438e+001
2 7.1262939453125000e+001
2 7.1536796569824219e+001
2 7.1967147827148438e+001
2 7.2354209899902344e+001
2 7.2517921447753906e+001
2 7.2905532836914063e+001
2 7.3221336364746094e+001
2 7.3601150512695313e+001
2 7.3773834228515625e+001
2 7.3849143981933594e+001
2 7.3864433288574219e+001
2 7.3849906921386719e+001
2 7.3822311401367187e+001
2 7.3783363342285156e+001
2 7.3719230651855469e+001
2 7.3590713500976563e+001
2 7.3340484619140625e+001
2 7.3082427978515625e+001
2 7.2808609008789063e+001
2 7.2348640441894531e+001
2 7.2026779174804688e+001
2 7.1719505310058594e+001
2 7.1231559753417969e+001
2 7.0919517517089844e+001
2 7.0404136657714844e+001
2 7.0017143249511719e+001
2 6.9638153076171875e+001
2 6.9459533691406250e+001
2 6.9039459228515625e+001
2 6.8642028808593750e+001
2 6.8412086486816406e+001
2 6.7977569580078125e+001
2 6.7524978637695313e+001
2 6.7283218383789063e+001
2 6.6849937438964844e+001
2 6.6549652099609375e+001
2 6.6009979248046875e+001
2 6.5449707031250000e+001
2 6.5151657104492188e+001
2 6.4702117919921875e+001
2 6.4419219970703125e+001
2 6.3958225250244141e+001
2 6.3418952941894531e+001
2 6.3098640441894531e+001
2 6.2589321136474609e+001
2 6.2261627197265625e+001
2 6.1899909973144531e+001
2 6.1552925109863281e+001
2 6.1394073486328125e+001
2 6.0918434143066406e+001