2 6.2908508300781250e+001
2 6.3417106628417969e+001
2 6.3780788421630859e+001
2 6.4135940551757812e+001
2 6.4991813659667969e+001
2 6.5528091430664063e+001
2 6.5953475952148438e+001
2 6.6481765747070313e+001
2 6.6885009765625000e+001
2 6.7357719421386719e+001
2 6.7660812377929687e+001
2 6.8084930419921875e+001
2 6.8553588867187500e+001
2 6.8784500122070313e+001
2 6.9219688415527344e+001
2 6.9543281555175781e+001
2 7.0033905029296875e+001
2 7.0519119262695313e+001
2 7.0744026184082031e+001
2 7.1147949218750000e+001
2 7.1861618041992188e+001
2 7.2276794433593750e+001
2 7.2490707397460937e+001
2 7.2928512573242188e+001
2 7.3297973632812500e+001
2 7.3443984985351563e+001
2 7.3877105712890625e+001
2 7.4193496704101563e+001
2 7.4621788024902344e+001
2 7.4911697387695312e+001
2 7.5170944213867188e+001
2 7.5553619384765625e+001
2 7.5854881286621094e+001
2 7.6093521118164062e+001
2 7.6309295654296875e+001
2 7.6476684570312500e+001
2 7.6517623901367188e+001
2 7.6465270996093750e+001
2 7.6400062561035156e+001
2 7.6348899841308594e+001
2 7.6306838989257813e+001
2 7.6258522033691406e+001
2 7.6181190490722656e+001
2 7.6047737121582031e+001
2 7.5840454101562500e+001
2 7.5375000000000000e+001
2 7.4990188598632812e+001
2 7.4571708679199219e+001
2 7.4346969604492188e+001
2 7.3926223754882813e+001
2 7.3441635131835938e+001
2 7.3139472961425781e+001
2 7.2667549133300781e+001
2 7.2145332336425781e+001
2 7.1669113159179687e+001
2 7.1018493652343750e+001
2 7.0244216918945313e+001
2 6.9858428955078125e+001
2 6.9024963378906250e+001
2 6.7848350524902344e+001
2 6.6981864929199219e+001
2 6.6037979125976563e+001
2 6.5040107727050781e+001
2 6.3982601165771484e+001
2 6.2994400024414062e+001
2 6.1988170623779297e+001
2 6.0987857818603516e+001
2 5.9985744476318359e+001
2 5.8978267669677734e+001
2 5.7974266052246094e+001
2 5.6996692657470703e+001
2 5.6063255310058594e+001
2 5.4887977600097656e+001
2 5.3987453460693359e+001
2 5.3080013275146484e+001
2 5.1906959533691406e+001
2 5.1009300231933594e+001
2 4.9800685882568359e+001
2 4.8959304809570312e+001
2 4.8134552001953125e+001
2 4.7736396789550781e+001
2 4.6965381622314453e+001
2 4.6189113616943359e+001
2 4.5768100738525391e+001
2 4.5046192169189453e+001
2 4.3909961700439453e+001
2 4.3152263641357422e+001
2 4.2718891143798828e+001
2 4.2009944915771484e+001
2 4.1400852203369141e+001
2 4.0904663085937500e+001
2 4.0256717681884766e+001
2 3.9806911468505859e+001
2 3.9074577331542969e+001
2 3.7922996520996094e+001
2 3.7255840301513672e+001
2 3.6786670684814453e+001
2 3.6201087951660156e+001
2 3.5719165802001953e+001
2 3.5153888702392578e+001
2 3.4655761718750000e+001
2 3.4115882873535156e+001
2 3.3601936340332031e+001
2 3.3095745086669922e+001
2 3.2597457885742187e+001
2 3.1985383987426758e+001
2 3.1090490341186523e+001
2 2.9906223297119141e+001
2 2.9024164199829102e+001
2 2.8308929443359375e+001
2 2.8138196945190430e+001
2 2.8043498992919922e+001
2 2.7876825332641602e+001
2 2.7555688858032227e+001
2 2.7363199234008789e+001
2 2.6919868469238281e+001
2 2.6401681900024414e+001
2 2.6109603881835937e+001
2 2.5665979385375977e+001
2 2.5410026550292969e+001
2 2.4977613449096680e+001
2 2.4547565460205078e+001
2 2.4302112579345703e+001
2 2.3880052566528320e+001
2 2.3209449768066406e+001
2 2.2835924148559570e+001
2 2.2241289138793945e+001
2 2.1902860641479492e+001
2 2.1476247787475586e+001
2 2.1151638031005859e+001
2 2.0891187667846680e+001
2 2.0551828384399414e+001
2 2.0229978561401367e+001
2 1.9978630065917969e+001
2 1.9739543914794922e+001
2 1.9456142425537109e+001
2 1.9302511215209961e+001
2 1.9249790191650391e+001
2 1.9276880264282227e+001
2 1.9363250732421875e+001
2 1.9499183654785156e+001
2 1.9618228912353516e+001
2 1.9730281829833984e+001
2 1.9871072769165039e+001
2 2.0066253662109375e+001
2 2.0469900131225586e+001
2 2.0884160995483398e+001
2 2.1260402679443359e+001
2 2.1451950073242188e+001
2 2.1924297332763672e+001
2 2.2352966308593750e+001
2 2.2669481277465820e+001
2 2.3151584625244141e+001
2 2.3652326583862305e+001
2 2.4151807785034180e+001
2 2.4832422256469727e+001
2 2.5260164260864258e+001
2 2.6015420913696289e+001
2 2.6848594665527344e+001
2 2.7203998565673828e+001
2 2.8037075042724609e+001
2 2.8927072525024414e+001
2 3.0081411361694336e+001
2 3.1023279190063477e+001
2 3.2004322052001953e+001
2 3.2998664855957031e+001
2 3.3996444702148437e+001
2 3.4994686126708984e+001
2 3.5991329193115234e+001
2 3.6981269836425781e+001
2 3.8088146209716797e+001
2 3.9078536987304688e+001
2 4.0023834228515625e+001
2 4.0940166473388672e+001
2 4.2116874694824219e+001
2 4.3008991241455078e+001
2 4.3902412414550781e+001
2 4.5079700469970703e+001
2 4.5971260070800781e+001
2 4.7166999816894531e+001
2 4.8007480621337891e+001
2 4.8837802886962891e+001
2 4.9204925537109375e+001
2 5.0018325805664062e+001
2 5.0819633483886719e+001
2 5.1219684600830078e+001
2 5.1988159179687500e+001
2 5.2753463745117187e+001
2 5.3163963317871094e+001
2 5.3903984069824219e+001
2 5.4401252746582031e+001
2 5.5007755279541016e+001
2 5.5592823028564453e+001
2 5.6102764129638672e+001
2 5.6821849822998047e+001
2 5.7254104614257813e+001
2 5.7972957611083984e+001
2 5.8549591064453125e+001
2 5.9079269409179687e+001
2 5.9665523529052734e+001
2 6.0132453918457031e+001
2 6.0963294982910156e+001
2 6.1845172882080078e+001
2 6.2198818206787109e+001
2 6.2908508300781250e+001