2 2.9112054824829102e+001
2 2.8611368179321289e+001
2 2.8023534774780273e+001
2 2.6853084564208984e+001
2 2.5973424911499023e+001
2 2.5041973114013672e+001
2 2.3846464157104492e+001
2 2.3004631042480469e+001
2 2.2217369079589844e+001
2 2.1819814682006836e+001
2 2.1040040969848633e+001
2 2.0372272491455078e+001
2 1.9893918991088867e+001
2 1.9317052841186523e+001
2 1.8837203979492188e+001
2 1.8431707382202148e+001
2 1.7968963623046875e+001
2 1.7495689392089844e+001
2 1.7313341140747070e+001
2 1.6942111968994141e+001
2 1.6385774612426758e+001
2 1.6058753967285156e+001
2 1.5819443702697754e+001
2 1.5644705772399902e+001
2 1.5552848815917969e+001
2 1.5532490730285645e+001
2 1.5556024551391602e+001
2 1.5591916084289551e+001
2 1.5633462905883789e+001
2 1.5697426795959473e+001
2 1.5811039924621582e+001
2 1.5984949111938477e+001
2 1.6219573974609375e+001
2 1.6654644012451172e+001
2 1.6960456848144531e+001
2 1.7252048492431641e+001
2 1.7715686798095703e+001
2 1.8027080535888672e+001
2 1.8495805740356445e+001
2 1.8908138275146484e+001
2 1.9284383773803711e+001
2 1.9477334976196289e+001
2 1.9931703567504883e+001
2 2.0347667694091797e+001
2 2.0610002517700195e+001
2 2.1071807861328125e+001
2 2.1846899032592773e+001
2 2.2270952224731445e+001
2 2.2519392013549805e+001
2 2.3014900207519531e+001
2 2.3523153305053711e+001
2 2.3878665924072266e+001
2 2.4360136032104492e+001
2 2.4692022323608398e+001
2 2.5129459381103516e+001
2 2.5879297256469727e+001
2 2.6331499099731445e+001
2 2.6744174957275391e+001
2 2.7222772598266602e+001
2 2.7691196441650391e+001
2 2.8175167083740234e+001
2 2.8626144409179688e+001
2 2.9125600814819336e+001
2 2.9598072052001953e+001
2 3.0109857559204102e+001
2 3.0622568130493164e+001
2 3.1121326446533203e+001
2 3.1646005630493164e+001
2 3.2138721466064453e+001
2 3.2674251556396484e+001
2 3.3161788940429687e+001
2 3.3723541259765625e+001
2 3.4201480865478516e+001
2 3.4849750518798828e+001
2 3.5310840606689453e+001
2 3.6012046813964844e+001
2 3.6797775268554687e+001
2 3.7198097229003906e+001
2 3.7950763702392578e+001
2 3.8576217651367188e+001
2 3.9074260711669922e+001
2 3.9807785034179688e+001
2 4.0226280212402344e+001
2 4.0988792419433594e+001
2 4.1760120391845703e+001
2 4.2167984008789063e+001
2 4.2935070037841797e+001
2 4.4099422454833984e+001
2 4.4926540374755859e+001
2 4.6103713989257813e+001
2 4.6964244842529297e+001
2 4.8142265319824219e+001
2 4.9042114257812500e+001
2 4.9968524932861328e+001
2 5.1152858734130859e+001
2 5.2060214996337891e+001
2 5.2994407653808594e+001
2 5.3935501098632813e+001
2 5.5074035644531250e+001
2 5.6023159027099609e+001
2 5.6998996734619141e+001
2 5.7981113433837891e+001
2 5.8961059570312500e+001
2 6.0044719696044922e+001
2 6.1031566619873047e+001
2 6.2027809143066406e+001
2 6.3020240783691406e+001
2 6.4002960205078125e+001
2 6.5000015258789063e+001
2 6.5994400024414063e+001
2 6.6978767395019531e+001
2 6.8018920898437500e+001
2 6.8921730041503906e+001
2 6.9508316040039063e+001
2 6.9799957275390625e+001
2 7.0076126098632812e+001
2 7.0529556274414063e+001
2 7.0818656921386719e+001
2 7.1268463134765625e+001
2 7.1536453247070312e+001
2 7.1967079162597656e+001
2 7.2354202270507813e+001
2 7.2517913818359375e+001
2 7.2905532836914063e+001
2 7.3221336364746094e+001
2 7.3601150512695313e+001
2 7.3773834228515625e+001
2 7.3849143981933594e+001
2 7.3864433288574219e+001
2 7.3849906921386719e+001
2 7.3822311401367187e+001
2 7.3783363342285156e+001
2 7.3719230651855469e+001
2 7.3590713500976563e+001
2 7.3340484619140625e+001
2 7.3082427978515625e+001
2 7.2808609008789063e+001
2 7.2348640441894531e+001
2 7.2026779174804688e+001
2 7.1719505310058594e+001
2 7.1231559753417969e+001
2 7.0919517517089844e+001
2 7.0404136657714844e+001
2 7.0017143249511719e+001
2 6.9638153076171875e+001
2 6.9459533691406250e+001
2 6.9039459228515625e+001
2 6.8642028808593750e+001
2 6.8412086486816406e+001
2 6.7977569580078125e+001
2 6.7524978637695313e+001
2 6.7283218383789063e+001
2 6.6849937438964844e+001
2 6.6549652099609375e+001
2 6.6009979248046875e+001
2 6.5449707031250000e+001
2 6.5151664733886719e+001
2 6.4702140808105469e+001
2 6.4419219970703125e+001
2 6.3958312988281250e+001
2 6.3419696807861328e+001
2 6.3085140228271484e+001
2 6.2571624755859375e+001
2 6.2094707489013672e+001
2 6.1570507049560547e+001
2 6.1075111389160156e+001
2 6.0532180786132813e+001
2 6.0050785064697266e+001
2 5.9480148315429688e+001
2 5.9029136657714844e+001
2 5.8439998626708984e+001
2 5.8009315490722656e+001
2 5.7545173645019531e+001
2 5.6984855651855469e+001
2 5.6499713897705078e+001
2 5.5957206726074219e+001
2 5.5416553497314453e+001
2 5.4907264709472656e+001
2 5.4230869293212891e+001
2 5.3793670654296875e+001
2 5.3043983459472656e+001
2 5.2300617218017578e+001
2 5.1875507354736328e+001
2 5.1147926330566406e+001
2 5.0674514770507813e+001
2 5.0021472930908203e+001
2 4.9283229827880859e+001
2 4.8869625091552734e+001
2 4.8077041625976563e+001
2 4.6919631958007813e+001
2 4.6146327972412109e+001
2 4.5732803344726563e+001
2 4.4968029022216797e+001
2 4.4129516601562500e+001
2 4.3759670257568359e+001
2 4.2950729370117187e+001
2 4.2065952301025391e+001
2 4.0889617919921875e+001
2 3.9975479125976563e+001
2 3.9048828125000000e+001
2 3.7871913909912109e+001
2 3.6963146209716797e+001
2 3.6132957458496094e+001
2 3.5705726623535156e+001
2 3.5045112609863281e+001
2 3.4637069702148438e+001
2 3.4006118774414063e+001
2 3.2880996704101563e+001
2 3.1974454879760742e+001
2 3.1007732391357422e+001
2 3.0151477813720703e+001
2 2.9698524475097656e+001
2 2.9112054824829102e+001