2 3.7221694946289063e+001
2 3.6821231842041016e+001
2 3.6393123626708984e+001
2 3.5893852233886719e+001
2 3.5302406311035156e+001
2 3.4822700500488281e+001
2 3.4200630187988281e+001
2 3.3722183227539063e+001
2 3.3161811828613281e+001
2 3.2674221038818359e+001
2 3.2138721466064453e+001
2 3.1646003723144531e+001
2 3.1121326446533203e+001
2 3.0622568130493164e+001
2 3.0109857559204102e+001
2 2.9598072052001953e+001
2 2.9125600814819336e+001
2 2.8626144409179688e+001
2 2.8175167083740234e+001
2 2.7691196441650391e+001
2 2.7222772598266602e+001
2 2.6744174957275391e+001
2 2.6331499099731445e+001
2 2.5879297256469727e+001
2 2.5129457473754883e+001
2 2.4691982269287109e+001
2 2.4359926223754883e+001
2 2.3877771377563477e+001
2 2.3509170532226562e+001
2 2.2978910446166992e+001
2 2.2408512115478516e+001
2 2.1999362945556641e+001
2 2.1380874633789063e+001
2 2.1105751037597656e+001
2 2.0726837158203125e+001
2 2.0261116027832031e+001
2 1.9914688110351563e+001
2 1.9474973678588867e+001
2 1.9283596038818359e+001
2 1.8908094406127930e+001
2 1.8495805740356445e+001
2 1.8027080535888672e+001
2 1.7715686798095703e+001
2 1.7252048492431641e+001
2 1.6960456848144531e+001
2 1.6654644012451172e+001
2 1.6219573974609375e+001
2 1.5984949111938477e+001
2 1.5811039924621582e+001
2 1.5697426795959473e+001
2 1.5633462905883789e+001
2 1.5591916084289551e+001
2 1.5556024551391602e+001
2 1.5532490730285645e+001
2 1.5552848815917969e+001
2 1.5644705772399902e+001
2 1.5819443702697754e+001
2 1.6058753967285156e+001
2 1.6385774612426758e+001
2 1.6942111968994141e+001
2 1.7313343048095703e+001
2 1.7495693206787109e+001
2 1.7968961715698242e+001
2 1.8432054519653320e+001
2 1.8831283569335937e+001
2 1.9317464828491211e+001
2 1.9780540466308594e+001
2 2.0248897552490234e+001
2 2.0584112167358398e+001
2 2.1112077713012695e+001
2 2.1929822921752930e+001
2 2.2949993133544922e+001
2 2.4066164016723633e+001
2 2.5030010223388672e+001
2 2.5991455078125000e+001
2 2.6983287811279297e+001
2 2.7987634658813477e+001
2 2.8988016128540039e+001
2 2.9988258361816406e+001
2 3.0984880447387695e+001
2 3.1978555679321289e+001
2 3.3021095275878906e+001
2 3.3975326538085937e+001
2 3.5057907104492188e+001
2 3.6023059844970703e+001
2 3.6960849761962891e+001
2 3.7875984191894531e+001
2 3.9048740386962891e+001
2 3.9975479125976563e+001
2 4.0889617919921875e+001
2 4.2065952301025391e+001
2 4.2950729370117187e+001
2 4.3759670257568359e+001
2 4.4129512786865234e+001
2 4.4968070983886719e+001
2 4.5734821319580078e+001
2 4.6146610260009766e+001
2 4.6934982299804688e+001
2 4.7821846008300781e+001
2 4.9020812988281250e+001
2 4.9911636352539063e+001
2 5.0907939910888672e+001
2 5.1365409851074219e+001
2 5.1892665863037109e+001
2 5.2356456756591797e+001
2 5.3047756195068359e+001
2 5.3793548583984375e+001
2 5.4231006622314453e+001
2 5.4907264709472656e+001
2 5.5416553497314453e+001
2 5.5957206726074219e+001
2 5.6499713897705078e+001
2 5.6984855651855469e+001
2 5.7545173645019531e+001
2 5.8009315490722656e+001
2 5.8439998626708984e+001
2 5.9029136657714844e+001
2 5.9480148315429688e+001
2 6.0050785064697266e+001
2 6.0532184600830078e+001
2 6.1075111389160156e+001
2 6.1571147918701172e+001
2 6.2095066070556641e+001
2 6.2602264404296875e+001
2 6.3108112335205078e+001
2 6.3873195648193359e+001
2 6.5792434692382813e+001
2 6.6067886352539063e+001
2 6.6558334350585938e+001
2 6.6853775024414063e+001
2 6.7283836364746094e+001
2 6.7525085449218750e+001
2 6.7977577209472656e+001
2 6.8412086486816406e+001
2 6.8642028808593750e+001
2 6.9039459228515625e+001
2 6.9459533691406250e+001
2 6.9638153076171875e+001
2 7.0017143249511719e+001
2 7.0558296203613281e+001
2 7.0919517517089844e+001
2 7.1231559753417969e+001
2 7.1719512939453125e+001
2 7.2026893615722656e+001
2 7.2455993652343750e+001
2 7.2826286315917969e+001
2 7.3147270202636719e+001
2 7.3572723388671875e+001
2 7.3720985412597656e+001
2 7.3934310913085938e+001
2 7.3997611999511719e+001
2 7.3937500000000000e+001
2 7.3871009826660156e+001
2 7.3857788085937500e+001
2 7.3865058898925781e+001
2 7.3849166870117188e+001
2 7.3773834228515625e+001
2 7.3558860778808594e+001
2 7.3221336364746094e+001
2 7.2905532836914063e+001
2 7.2517921447753906e+001
2 7.2354209899902344e+001
2 7.1967124938964844e+001
2 7.1536575317382812e+001
2 7.1264091491699219e+001
2 7.0808692932128906e+001
2 7.0434806823730469e+001
2 6.9925209045410156e+001
2 6.9026519775390625e+001
2 6.7928970336914063e+001
2 6.7002700805664062e+001
2 6.6056365966796875e+001
2 6.5171646118164062e+001
2 6.3983989715576172e+001
2 6.3021202087402344e+001
2 6.2028308868408203e+001
2 6.1031597137451172e+001
2 6.0044719696044922e+001
2 5.8961059570312500e+001
2 5.7981113433837891e+001
2 5.6998996734619141e+001
2 5.6023159027099609e+001
2 5.5074035644531250e+001
2 5.3935501098632813e+001
2 5.2994407653808594e+001
2 5.2060214996337891e+001
2 5.1152858734130859e+001
2 4.9968524932861328e+001
2 4.9042114257812500e+001
2 4.8142265319824219e+001
2 4.6964244842529297e+001
2 4.6103713989257813e+001
2 4.4926540374755859e+001
2 4.4099422454833984e+001
2 4.2935054779052734e+001
2 4.2167018890380859e+001
2 4.1758399963378906e+001
2 4.0981590270996094e+001
2 4.0082801818847656e+001
2 3.8885711669921875e+001
2 6.5535911560058594e+001
2 6.5792434692382813e+001
2 6.4993362426757813e+001
2 6.3873195648193359e+001
2 6.3873195648193359e+001
2 6.4230346679687500e+001
2 6.5087265014648437e+001
2 6.5553352355957031e+001
2 6.5792434692382813e+001