2 2.6123924255371094e+001
2 2.6833261489868164e+001
2 2.7257181167602539e+001
2 2.7882772445678711e+001
2 2.8386005401611328e+001
2 2.8766202926635742e+001
2 2.9235546112060547e+001
2 2.9687166213989258e+001
2 3.0173290252685547e+001
2 3.0652873992919922e+001
2 3.1145526885986328e+001
2 3.1622993469238281e+001
2 3.2125198364257813e+001
2 3.2601608276367188e+001
2 3.3111999511718750e+001
2 3.3600410461425781e+001
2 3.4116237640380859e+001
2 3.4655715942382812e+001
2 3.5153888702392578e+001
2 3.5719165802001953e+001
2 3.6201087951660156e+001
2 3.6786670684814453e+001
2 3.7255840301513672e+001
2 3.7922996520996094e+001
2 3.9074577331542969e+001
2 3.9806842803955078e+001
2 4.0256793975830078e+001
2 4.0903007507324219e+001
2 4.1405860900878906e+001
2 4.1982856750488281e+001
2 4.2474296569824219e+001
2 4.2999256134033203e+001
2 4.3542121887207031e+001
2 4.4059135437011719e+001
2 4.4903938293457031e+001
2 4.6089984893798828e+001
2 4.6959396362304688e+001
2 4.7736274719238281e+001
2 4.8133640289306641e+001
2 4.8959293365478516e+001
2 4.9800685882568359e+001
2 5.1009300231933594e+001
2 5.1906959533691406e+001
2 5.3080013275146484e+001
2 5.3987453460693359e+001
2 5.4887977600097656e+001
2 5.6063255310058594e+001
2 5.6996692657470703e+001
2 5.7974266052246094e+001
2 5.8978267669677734e+001
2 5.9985744476318359e+001
2 6.0987857818603516e+001
2 6.1988170623779297e+001
2 6.2994400024414062e+001
2 6.3982601165771484e+001
2 6.5040107727050781e+001
2 6.6037979125976563e+001
2 6.6981864929199219e+001
2 6.7848350524902344e+001
2 6.9024963378906250e+001
2 6.9858421325683594e+001
2 7.0244209289550781e+001
2 7.1018486022949219e+001
2 7.1669227600097656e+001
2 7.2145820617675781e+001
2 7.2708801269531250e+001
2 7.3189414978027344e+001
2 7.3823616027832031e+001
2 7.4303390502929688e+001
2 7.4860000610351563e+001
2 7.5223449707031250e+001
2 7.5480415344238281e+001
2 7.5665184020996094e+001
2 7.5867248535156250e+001
2 7.6050674438476562e+001
2 7.6181198120117188e+001
2 7.6258506774902344e+001
2 7.6306838989257813e+001
2 7.6348899841308594e+001
2 7.6400062561035156e+001
2 7.6465270996093750e+001
2 7.6517623901367188e+001
2 7.6476684570312500e+001
2 7.6309295654296875e+001
2 7.6093521118164062e+001
2 7.5854881286621094e+001
2 7.5553619384765625e+001
2 7.5170944213867188e+001
2 7.4911697387695312e+001
2 7.4621788024902344e+001
2 7.4193496704101563e+001
2 7.3877105712890625e+001
2 7.3443984985351563e+001
2 7.3297973632812500e+001
2 7.2928581237792969e+001
2 7.2491691589355469e+001
2 7.2279396057128906e+001
2 7.1877243041992188e+001
2 7.1433021545410156e+001
2 7.1103179931640625e+001
2 7.0825332641601563e+001
2 6.9944236755371094e+001
2 6.9257545471191406e+001
2 6.8854156494140625e+001
2 6.8571502685546875e+001
2 6.8089782714843750e+001
2 6.7661308288574219e+001
2 6.7357772827148438e+001
2 6.6885009765625000e+001
2 6.6481750488281250e+001
2 6.5953353881835937e+001
2 6.5525436401367188e+001
2 6.4983772277832031e+001
2 6.4579139709472656e+001
2 6.4009834289550781e+001
2 6.3413135528564453e+001
2 6.3030601501464844e+001
2 6.2452457427978516e+001
2 6.2054302215576172e+001
2 6.1500812530517578e+001
2 6.1079421997070312e+001
2 6.0541976928710938e+001
2 6.0097785949707031e+001
2 5.9565269470214844e+001
2 5.9109786987304687e+001
2 5.8700508117675781e+001
2 5.5961265563964844e+001
2 5.5041938781738281e+001
2 5.4407478332519531e+001
2 5.3908233642578125e+001
2 5.3163856506347656e+001
2 5.2753654479980469e+001
2 5.1988159179687500e+001
2 5.1219684600830078e+001
2 5.0819633483886719e+001
2 5.0018325805664062e+001
2 4.9204925537109375e+001
2 4.8837802886962891e+001
2 4.8007480621337891e+001
2 4.6826648712158203e+001
2 4.5971260070800781e+001
2 4.5079700469970703e+001
2 4.3902416229248047e+001
2 4.3009033203125000e+001
2 4.1818817138671875e+001
2 4.0941825866699219e+001
2 4.0059848785400391e+001
2 3.9265995025634766e+001
2 3.8878871917724609e+001
2 3.7988883972167969e+001
2 3.7000141143798828e+001
2 3.6006477355957031e+001
2 3.5004009246826172e+001
2 3.3998279571533203e+001
2 3.2998805999755859e+001
2 3.2004325866699219e+001
2 3.1023279190063477e+001
2 2.9868001937866211e+001
2 2.8927072525024414e+001
2 2.8037075042724609e+001
2 2.7203998565673828e+001
2 2.6848594665527344e+001
2 2.6015432357788086e+001
2 2.5260517120361328e+001
2 2.4833103179931641e+001
2 2.4144977569580078e+001
2 2.3662784576416016e+001
2 2.3057582855224609e+001
2 2.1975164413452148e+001
2 2.1234094619750977e+001
2 2.0986207962036133e+001
2 2.0766405105590820e+001
2 2.0430164337158203e+001
2 2.0065097808837891e+001
2 1.9871061325073242e+001
2 1.9730285644531250e+001
2 1.9618228912353516e+001
2 1.9499183654785156e+001
2 1.9363250732421875e+001
2 1.9276880264282227e+001
2 1.9249790191650391e+001
2 1.9302511215209961e+001
2 1.9456142425537109e+001
2 1.9739543914794922e+001
2 1.9978630065917969e+001
2 2.0229978561401367e+001
2 2.0551828384399414e+001
2 2.0891187667846680e+001
2 2.1151638031005859e+001
2 2.1476247787475586e+001
2 2.1902860641479492e+001
2 2.2241289138793945e+001
2 2.2835924148559570e+001
2 2.3209449768066406e+001
2 2.3880022048950195e+001
2 2.4301342010498047e+001
2 2.4546800613403320e+001
2 2.4961914062500000e+001
2 2.5300554275512695e+001
2 2.5687992095947266e+001
2 5.7044815063476562e+001
2 5.5961265563964844e+001
2 5.8538566589355469e+001
2 5.8700508117675781e+001
2 5.8700508117675781e+001
2 5.8205299377441406e+001
2 5.7059684753417969e+001
2 5.6354343414306641e+001
2 5.5961265563964844e+001