2 2.3476299285888672e+001
2 2.2774959564208984e+001
2 2.2134342193603516e+001
2 2.1555986404418945e+001
2 2.1041286468505859e+001
2 2.0591485977172852e+001
2 2.0207664489746094e+001
2 1.9890748977661133e+001
2 1.9641500473022461e+001
2 1.9460523605346680e+001
2 1.9348249435424805e+001
2 1.9304952621459961e+001
2 1.9330734252929688e+001
2 1.9425533294677734e+001
2 1.9589122772216797e+001
2 1.9821107864379883e+001
2 2.0120929718017578e+001
2 2.0487863540649414e+001
2 2.0921030044555664e+001
2 2.1419382095336914e+001
2 2.1692632675170898e+001
2 2.1981719970703125e+001
2 2.2286464691162109e+001
2 2.2606687545776367e+001
2 2.2942195892333984e+001
2 2.3292783737182617e+001
2 2.3658241271972656e+001
2 2.4038351058959961e+001
2 2.4432880401611328e+001
2 2.4841594696044922e+001
2 2.5264245986938477e+001
2 2.5700580596923828e+001
2 2.6150335311889648e+001
2 2.6613239288330078e+001
2 2.7089014053344727e+001
2 2.7577371597290039e+001
2 2.8078018188476563e+001
2 2.8590654373168945e+001
2 2.9114969253540039e+001
2 2.9650646209716797e+001
2 3.0197364807128906e+001
2 3.0754795074462891e+001
2 3.1322601318359375e+001
2 3.1900440216064453e+001
2 3.2487964630126953e+001
2 3.3084819793701172e+001
2 3.3690650939941406e+001
2 3.4305084228515625e+001
2 3.4927757263183594e+001
2 3.5558292388916016e+001
2 3.6196308135986328e+001
2 3.6841423034667969e+001
2 3.7493247985839844e+001
2 3.8151390075683594e+001
2 3.8815448760986328e+001
2 3.9485031127929687e+001
2 4.0159729003906250e+001
2 4.0839134216308594e+001
2 4.1522846221923828e+001
2 4.2210445404052734e+001
2 4.2901515960693359e+001
2 4.3595649719238281e+001
2 4.4292423248291016e+001
2 4.4991416931152344e+001
2 4.5692211151123047e+001
2 4.6394386291503906e+001
2 4.7097511291503906e+001
2 4.7801170349121094e+001
2 4.8504936218261719e+001
2 4.9208385467529297e+001
2 4.9911094665527344e+001
2 5.0612644195556641e+001
2 5.2010555267333984e+001
2 5.3398757934570313e+001
2 5.4773902893066406e+001
2 5.6132682800292969e+001
2 5.7471820831298828e+001
2 5.8788089752197266e+001
2 6.0078323364257813e+001
2 6.1339408874511719e+001
2 6.2568305969238281e+001
2 6.3762062072753906e+001
2 6.4917793273925781e+001
2 6.6032722473144531e+001
2 6.7104156494140625e+001
2 6.8129524230957031e+001
2 6.9106346130371094e+001
2 7.0032272338867188e+001
2 7.0905067443847656e+001
2 7.1722640991210937e+001
2 7.2483009338378906e+001
2 7.3184349060058594e+001
2 7.3824966430664063e+001
2 7.4403320312500000e+001
2 7.4918022155761719e+001
2 7.5367820739746094e+001
2 7.5751647949218750e+001
2 7.6068557739257813e+001
2 7.6317810058593750e+001
2 7.6498786926269531e+001
2 7.6611061096191406e+001
2 7.6654357910156250e+001
2 7.6628578186035156e+001
2 7.6533775329589844e+001
2 7.6370185852050781e+001
2 7.6138198852539063e+001
2 7.5838378906250000e+001
2 7.5471443176269531e+001
2 7.5038284301757813e+001
2 7.4539932250976563e+001
2 7.4266677856445313e+001
2 7.3977592468261719e+001
2 7.3672843933105469e+001
2 7.3352622985839844e+001
2 7.3017120361328125e+001
2 7.2666526794433594e+001
2 7.2301071166992188e+001
2 7.1920959472656250e+001
2 7.1526428222656250e+001
2 7.1117713928222656e+001
2 7.0695068359375000e+001
2 7.0258728027343750e+001
2 6.9808975219726562e+001
2 6.9346069335937500e+001
2 6.8870300292968750e+001
2 6.8381942749023438e+001
2 6.7881294250488281e+001
2 6.7368659973144531e+001
2 6.6844345092773438e+001
2 6.6308662414550781e+001
2 6.5761947631835938e+001
2 6.5204521179199219e+001
2 6.4636711120605469e+001
2 6.4058876037597656e+001
2 6.3471347808837891e+001
2 6.2874492645263672e+001
2 6.2268665313720703e+001
2 6.1654228210449219e+001
2 6.1031555175781250e+001
2 6.0401020050048828e+001
2 5.9763004302978516e+001
2 5.9117889404296875e+001
2 5.8466064453125000e+001
2 5.7807926177978516e+001
2 5.7143863677978516e+001
2 5.6474285125732422e+001
2 5.5799587249755859e+001
2 5.5120178222656250e+001
2 5.4436470031738281e+001
2 5.3748870849609375e+001
2 5.3057796478271484e+001
2 5.2363662719726563e+001
2 5.1666889190673828e+001
2 5.0967895507812500e+001
2 5.0267101287841797e+001
2 4.9564929962158203e+001
2 4.8861801147460938e+001
2 4.8158142089843750e+001
2 4.7454376220703125e+001
2 4.6750926971435547e+001
2 4.6048217773437500e+001
2 4.5346672058105469e+001
2 4.3948757171630859e+001
2 4.2560554504394531e+001
2 4.1185409545898438e+001
2 3.9826629638671875e+001
2 3.8487491607666016e+001
2 3.7171222686767578e+001
2 3.5880989074707031e+001
2 3.4619907379150391e+001
2 3.3391006469726562e+001
2 3.2197250366210937e+001
2 3.1041517257690430e+001
2 2.9926589965820312e+001
2 2.8855152130126953e+001
2 2.7829788208007813e+001
2 2.6852966308593750e+001
2 2.5927042007446289e+001
2 2.5054243087768555e+001
2 2.4236673355102539e+001
2 2.3476299285888672e+001