2 7.0016387939453125e+001
2 6.9277542114257813e+001
2 6.8479568481445312e+001
2 6.7624404907226562e+001
2 6.6714096069335938e+001
2 6.5750839233398438e+001
2 6.4736961364746094e+001
2 6.3674892425537109e+001
2 6.2567203521728516e+001
2 6.1416557312011719e+001
2 6.0225723266601563e+001
2 5.8997577667236328e+001
2 5.7735073089599609e+001
2 5.6441253662109375e+001
2 5.5119235992431641e+001
2 5.3772205352783203e+001
2 5.2403404235839844e+001
2 5.1016132354736328e+001
2 4.9613731384277344e+001
2 4.8199581146240234e+001
2 4.7489162445068359e+001
2 4.6777084350585938e+001
2 4.6063781738281250e+001
2 4.5349674224853516e+001
2 4.4635200500488281e+001
2 4.3920783996582031e+001
2 4.3206863403320313e+001
2 4.2493858337402344e+001
2 4.1782207489013672e+001
2 4.1072338104248047e+001
2 4.0364669799804688e+001
2 3.9659641265869141e+001
2 3.8957664489746094e+001
2 3.8259174346923828e+001
2 3.7564582824707031e+001
2 3.6874309539794922e+001
2 3.6188774108886719e+001
2 3.5508384704589844e+001
2 3.4833557128906250e+001
2 3.4164691925048828e+001
2 3.3502197265625000e+001
2 3.2846466064453125e+001
2 3.2197898864746094e+001
2 3.1556886672973633e+001
2 3.0923809051513672e+001
2 3.0299053192138672e+001
2 2.9682994842529297e+001
2 2.9076002120971680e+001
2 2.8478443145751953e+001
2 2.7890676498413086e+001
2 2.7313058853149414e+001
2 2.6745933532714844e+001
2 2.6189647674560547e+001
2 2.5644531250000000e+001
2 2.5110916137695312e+001
2 2.4589122772216797e+001
2 2.4079463958740234e+001
2 2.3582248687744141e+001
2 2.3097776412963867e+001
2 2.2626337051391602e+001
2 2.2168216705322266e+001
2 2.1723690032958984e+001
2 2.1293024063110352e+001
2 2.0876482009887695e+001
2 2.0474309921264648e+001
2 2.0086753845214844e+001
2 1.9714044570922852e+001
2 1.9356407165527344e+001
2 1.9014059066772461e+001
2 1.8687204360961914e+001
2 1.8376039505004883e+001
2 1.8080755233764648e+001
2 1.7538520812988281e+001
2 1.7061807632446289e+001
2 1.6651765823364258e+001
2 1.6309379577636719e+001
2 1.6035478591918945e+001
2 1.5830718040466309e+001
2 1.5695593833923340e+001
2 1.5630431175231934e+001
2 1.5635386466979980e+001
2 1.5710448265075684e+001
2 1.5855435371398926e+001
2 1.6069997787475586e+001
2 1.6353620529174805e+001
2 1.6705619812011719e+001
2 1.7125146865844727e+001
2 1.7611190795898438e+001
2 1.8162580490112305e+001
2 1.8777988433837891e+001
2 1.9455932617187500e+001
2 2.0194780349731445e+001
2 2.0992748260498047e+001
2 2.1847917556762695e+001
2 2.2758224487304687e+001
2 2.3721481323242187e+001
2 2.4735361099243164e+001
2 2.5797426223754883e+001
2 2.6905117034912109e+001
2 2.8055763244628906e+001
2 2.9246595382690430e+001
2 3.0474740982055664e+001
2 3.1737245559692383e+001
2 3.3031066894531250e+001
2 3.4353084564208984e+001
2 3.5700115203857422e+001
2 3.7068916320800781e+001
2 3.8456188201904297e+001
2 3.9858585357666016e+001
2 4.1272739410400391e+001
2 4.1983158111572266e+001
2 4.2695232391357422e+001
2 4.3408538818359375e+001
2 4.4122642517089844e+001
2 4.4837120056152344e+001
2 4.5551532745361328e+001
2 4.6265457153320313e+001
2 4.6978458404541016e+001
2 4.7690109252929687e+001
2 4.8399982452392578e+001
2 4.9107646942138672e+001
2 4.9812679290771484e+001
2 5.0514652252197266e+001
2 5.1213146209716797e+001
2 5.1907737731933594e+001
2 5.2598011016845703e+001
2 5.3283546447753906e+001
2 5.3963932037353516e+001
2 5.4638763427734375e+001
2 5.5307624816894531e+001
2 5.5970123291015625e+001
2 5.6625850677490234e+001
2 5.7274417877197266e+001
2 5.7915431976318359e+001
2 5.8548507690429688e+001
2 5.9173263549804688e+001
2 5.9789325714111328e+001
2 6.0396316528320312e+001
2 6.0993877410888672e+001
2 6.1581642150878906e+001
2 6.2159259796142578e+001
2 6.2726387023925781e+001
2 6.3282672882080078e+001
2 6.3827789306640625e+001
2 6.4361404418945313e+001
2 6.4883193969726563e+001
2 6.5392852783203125e+001
2 6.5890068054199219e+001
2 6.6374542236328125e+001
2 6.6845985412597656e+001
2 6.7304100036621094e+001
2 6.7748626708984375e+001
2 6.8179298400878906e+001
2 6.8595840454101563e+001
2 6.8998008728027344e+001
2 6.9385566711425781e+001
2 6.9758277893066406e+001
2 7.0115913391113281e+001
2 7.0458259582519531e+001
2 7.0785118103027344e+001
2 7.1096282958984375e+001
2 7.1391563415527344e+001
2 7.1933799743652344e+001
2 7.2410514831542969e+001
2 7.2820556640625000e+001
2 7.3162940979003906e+001
2 7.3436843872070312e+001
2 7.3641601562500000e+001
2 7.3776725769042969e+001
2 7.3841888427734375e+001
2 7.3836936950683594e+001
2 7.3761871337890625e+001
2 7.3616889953613281e+001
2 7.3402320861816406e+001
2 7.3118698120117187e+001
2 7.2766700744628906e+001
2 7.2347175598144531e+001
2 7.1861129760742188e+001
2 7.1309745788574219e+001
2 7.0694335937500000e+001
2 7.0016387939453125e+001